0140 0140 0140 0140 0140 0140 0140 0140 0140 0140 0140 0140 0140 0140 0140 0140 0140 0140 0140 0140 0140 0140 0140 0140 0140 0140
0140 0140 0140 0140 0140 0140 0140 0140 0140 0140 0140 0140 0140 0140 0140 0140 0140 0140 0140 0140 0140 0140 0140 0140 0140 0140
0140 0140 0140 0140 0140 0140 0140 0140 0140 0140 0140 0140 0140 0140 0140 0140 0140 0140 0140 0140 0140 0140 0140 0140 0140 0140
0000 0000 2000 0000 0000 0000 0000 0000 0000 0000 0000 0000 0000 0000 0000 0000 0140 0140 0140 0140 0140 0140 0140 0140 0000 0000
0000 0000 0000 0000 0000 0000 0000 0000 0000 0000 0000 0000 0000 0000 0000 0000 0000 0000 0000 1007 0000 0000 0000 0000 0000 0000
0000 0000 0000 0000 0000 0000 0000 0000 0000 0000 0000 0000 0000 0000 0000 0000 0000 0000 0000 0000 0000 0000 0000 0000 0000 0000
0000 0000 0000 0000 0000 0000 0000 0000 0000 0000 0000 0000 0000 0000 0000 0000 0000 0000 0000 0000 0000 0000 0000 0000 0000 0000
0000 0000 0000 0000 0000 0000 0000 0000 0000 0000 0000 0000 0000 0000 0000 0000 0000 0000 0000 0000 0000 0000 0000 0000 0000 0000
0000 0000 0000 0000 0000 0000 0000 0000 0000 0000 0000 0000 0000 0141 0141 0141 0141 0141 0000 0000 0000 0141 0141 0141 0141 0141
0000 0000 0000 0000 0000 0000 0000 0000 0000 0000 0000 0000 0000 0140 0140 0140 0140 0140 0141 0141 0141 0140 0140 0140 0140 0140
0000 0000 0000 0000 0000 0000 0000 0000 0000 0000 0000 0000 0141 0140 0140 0140 0140 0140 0140 0140 0140 0140 0140 0140 0140 0140
0000 0000 0000 0000 0000 0000 0000 0000 0000 0000 0000 0000 0000 0000 0000 0000 0000 0000 0000 0000 0000 1005 0000 0000 0000 0000
0000 0000 0000 0000 0000 0000 0000 0000 0000 0000 0000 0000 0000 0000 0000 0000 0000 0000 0000 0000 0000 0000 0000 0000 0000 0000
0000 0000 0000 0000 0000 0000 0000 0120 0120 0000 0000 0000 0000 0000 0000 0000 0000 0000 0000 0000 0000 1005 0000 0000 0000 0000
0000 0000 0000 0000 0000 0000 0000 0120 0120 0000 0000 0000 0000 0000 0000 0000 0000 0000 0000 0000 0000 0000 0000 0000 0000 0000
0140 0141 0141 0141 0141 0141 0141 0141 0141 0141 0141 0141 0141 0141 0141 0141 0141 0141 0141 0141 0141 0141 0141 0000 0000 0000
0140 0140 0140 0140 0140 0140 0140 0140 0140 0140 0140 0140 0140 0140 0140 0140 0140 0140 0140 0140 0140 0140 0140 0141 0141 0141

0140 0140 0140 0140 0140 0140 0140 0140 0140 0140 0140 0140 0140 0140 0140 0140 0140 0140 0140 0140 0140 0140 0140 0140 0140 0140
0140 0140 0140 0140 0140 0140 0140 0140 0140 0140 0140 0140 0140 0140 0140 0140 0140 0140 0140 0140 0140 0140 0140 0140 0140 0140
0140 0140 0140 0140 0140 0140 0140 0140 0140 0140 0140 0140 0140 0140 0140 0140 0140 0000 0000 0000 0000 0000 0000 0000 0140 0140
0140 0140 0140 0140 0140 0140 0140 0000 0000 0140 0140 0140 0140 0140 0140 0140 0000 0000 0000 0000 0000 0000 0000 0000 0000 0000
0000 0000 0000 1007 0000 0000 0000 0000 0000 0000 0000 0000 0000 1007 0000 0000 0000 0000 0000 0000 0000 0000 0000 0000 0000 0000
0000 0000 0000 0000 0000 0000 0000 0000 0000 0000 0000 0000 0000 0000 0000 0000 0000 0000 0000 0001 0000 0000 0000 0000 0000 0000
0000 0000 0000 0000 0000 0000 0000 0000 0000 0000 0000 0000 0000 0000 0000 0000 0000 0000 0000 0000 0000 0000 0000 0000 0000 0000
0000 0000 0000 0000 0000 0000 0000 0000 0000 0000 0000 0000 0000 0000 0000 0000 0000 0000 0000 0001 0002 0000 0000 0000 0000 0000
0141 0000 0000 0000 0141 0141 0141 0141 0141 0141 0141 0141 0000 0000 0000 0141 0141 0141 0141 0141 0141 0141 0141 0141 0141 0141
0140 0141 0141 0141 0140 0140 0140 0140 0140 0140 0140 0140 0141 0141 0141 0140 0140 0140 0140 0140 0140 0140 0140 0140 0140 0140
0140 0140 0140 0140 0000 0000 0000 0000 0000 0000 0000 0000 0000 0000 0000 0000 0000 0000 0000 0000 0000 0140 0140 0140 0140 0140
0140 0140 0140 0000 0000 0000 0000 0000 0000 0000 0000 0000 0000 0000 0000 0000 0000 0000 0000 0000 0000 0000 0000 0000 0000 0000
0000 0000 0000 0000 0000 0000 0000 0000 0000 0000 0000 0000 0000 0000 0000 0000 0000 0000 0000 0000 0000 0000 0000 0000 0000 0000
0000 0000 0000 0000 0000 0000 0000 0000 0000 0000 0000 0000 0000 0000 0000 0000 0000 0000 1005 0000 0000 0000 0000 0000 0000 0000
0000 0000 0000 0000 0000 0000 0000 0000 0000 0000 0000 0000 2002 0000 0000 0000 0000 0000 0000 0000 0000 0000 0000 0000 0000 0000
0000 0000 0000 0000 0000 0000 0000 0000 0000 0000 0000 0000 0000 0000 0000 0000 0000 0000 0141 0141 0141 0141 0141 0141 0141 0141
0141 0141 0141 0141 0141 0141 0141 0000 0000 0000 0141 0141 0141 0141 0141 0000 0000 0000 0140 0140 0140 0140 0140 0140 0140 0140

0140 0140 0140 0140 0140 0140 0140 0140 0140 0140 0140 0140 0140 0140 0140 0140 0140 0140 0140 0140 0140 0140 0140 0140 0140 0140
0140 0140 0140 0140 0140 0140 0140 0140 0140 0140 0140 0140 0140 0140 0140 0140 0140 0140 0140 0140 0140 0140 0140 0140 0140 0140
0140 0140 0140 0140 0140 0140 0140 0140 0140 0140 0140 0140 0140 0140 0140 0140 0140 0140 0140 0140 0140 0140 0140 0140 0140 0140
0000 0000 0000 0000 0000 0000 0000 0000 0000 0000 0000 0000 0000 0000 0000 0000 0000 0000 0000 0000 0000 0000 0000 0000 0000 0000
0000 0000 0000 0000 0000 0000 0000 0000 0000 0000 0000 0000 0000 0000 0000 0000 0000 0000 0000 0000 0000 0000 0000 0000 0000 0000
0000 0000 0000 0000 0000 0000 0000 0000 0000 0000 0000 0000 0000 0000 0000 0000 0000 0000 0000 0000 0000 0000 0000 0000 0000 0000
0000 0000 0000 0000 0000 0000 0000 0000 0000 0000 0000 0000 0000 0000 0000 0000 0000 0000 0000 0000 0000 0000 1002 0000 0000 0000
0000 0000 0000 0000 0000 0000 0000 0000 0000 0000 0000 0000 0000 0000 0000 0000 0000 0000 0000 0000 0000 0000 0000 0000 0000 0000
0141 0141 0141 0141 0141 0000 0000 0000 0000 0000 0000 0000 0000 0000 0000 0000 0000 0000 0000 0000 0000 0000 0000 0000 0000 0000
0140 0140 0140 0140 0140 0000 0000 0000 0000 0000 0000 0000 0000 0000 0000 0000 0141 0141 0000 0000 0000 0000 0000 0000 0000 0000
0140 0140 0140 0140 0140 0000 0000 0000 0000 0000 0000 0000 0000 0000 0000 0000 0000 0000 0000 0000 0000 0000 0000 0000 0000 0000
0000 0000 0000 0000 0000 0000 0000 0000 0000 0000 0000 0000 0000 0000 0000 0000 0000 0000 0000 0000 0000 0000 0000 0000 0000 0000
0000 0000 0000 0000 0000 0000 0000 0000 0000 0000 0000 0000 0000 0000 0000 0000 0000 0000 0000 0000 0000 0000 0000 0000 0000 0000
0000 0000 0000 0000 0000 0000 0000 0000 0000 0000 0000 0120 0120 0000 0000 0000 0000 0000 0000 0000 0000 0000 0000 0000 0000 0000
0000 0000 0000 0000 0000 0000 0000 0000 0000 0120 0120 0120 0120 0000 0000 0000 0000 0000 0000 0000 0000 0000 0000 0000 0000 0000
0141 0141 0141 0141 0141 0141 0141 0141 0141 0141 0141 0141 0141 0141 0141 0141 0141 0141 0141 0141 0141 0141 0141 0141 0141 0141
0140 0140 0140 0140 0140 0140 0140 0140 0140 0140 0140 0140 0140 0140 0140 0140 0140 0140 0140 0140 0140 0140 0140 0140 0140 0140

0140 0140 0140 0140 0140 0140 0140 0140 0140 0140 0140 0140 0140 0140 0140 0140 0140 0140 0140 0140 0140 0140 0140 0140 0140 0140
0140 0140 0140 0140 0140 0140 0140 0140 0140 0140 0140 0140 0140 0140 0140 0140 0140 0140 0000 0000 0000 0000 0000 0000 0000 0000
0140 0140 0140 0140 0140 0140 0140 0140 0140 0000 0000 0000 0000 0000 0000 0000 0000 0000 0000 0000 0000 0000 0000 0000 0000 0000
0000 0000 0000 0000 0000 0000 0000 0000 0000 0000 0000 0000 0000 0000 0000 0000 0000 0000 0000 0000 0000 0000 0000 0000 0000 0000
0000 0000 0000 0000 0000 0000 0000 0000 0000 0000 0000 0000 0000 0000 0000 0000 0000 0000 0000 0000 0000 0000 0000 0000 0000 0000
0000 0000 0000 0000 0000 0000 0000 0000 0000 0000 0000 0000 0000 0000 0000 0000 0000 0000 0000 0000 0000 0000 0000 0000 0000 0000
0000 0000 0000 0000 0000 0000 0000 0000 0000 0000 0000 0000 0000 0000 0000 0000 0000 0000 0000 0000 0000 0000 0000 0000 0000 0000
0000 0000 0000 0000 0000 0000 0000 0000 0000 0000 0000 0000 0000 0000 0000 0000 0000 0000 0000 0000 0000 0000 0000 0000 0000 0000
0000 0000 0000 0000 0000 0000 0000 0000 0000 0000 0000 0000 0000 0000 0000 0000 0000 0000 0000 0000 0000 0000 0000 0000 0000 0000
0000 0000 0000 0000 0000 0000 0000 0000 0000 0000 0000 0000 0000 0000 0000 0000 0000 0000 0000 0000 0000 0000 0000 0000 0141 0141
0000 0000 0000 0000 0000 0000 0000 0000 0000 0000 0000 0000 0000 0000 0000 0000 0000 0000 0000 0000 0000 0000 0000 0000 0000 0000
0000 0000 0000 0000 0000 0000 0000 0000 0000 0000 0000 0000 0000 0000 0000 0000 0000 0000 0000 0000 0000 0000 0000 0000 0000 0000
0000 0000 0000 0000 0000 0000 0000 0000 0000 0000 0000 0000 0000 0000 0000 0000 0000 0000 0141 0141 0000 0000 0000 0000 0000 0000
0000 0000 0000 0000 0000 0000 0000 0000 0000 0000 0000 0000 0141 0141 0141 0000 0000 0000 0000 0000 0000 0000 0000 0000 0000 0000
0000 0000 0000 0000 0000 0000 0000 0000 0000 0000 0000 0000 0000 0000 0000 0000 0000 0000 0000 0000 0000 0000 0000 0000 0000 0000
0141 0141 0141 0141 0141 0141 0141 0000 0000 0000 0000 0000 0000 0000 0000 0000 0000 0000 0000 0000 0141 0141 0141 0141 0141 0141
0140 0140 0140 0140 0140 0140 0140 0000 0000 0000 0000 0000 0000 0000 0000 0000 0000 0000 0000 0000 0140 0140 0140 0140 0140 0140

0140 0140 0140 0140 0140 0140 0140 0140 0140 0140 0140 0140 0140 0140 0140 0140 0140 0140 0140 0140 0140 0140 0140 0140 0140 0140
0000 0000 0000 0000 0000 0000 0000 0140 0140 0140 0140 0140 0140 0140 0140 0140 0140 0140 0140 0140 0140 0140 0140 0140 0140 0140
0000 0000 0000 0000 0000 0000 0000 0000 0000 0140 0140 0140 0140 0140 0140 0140 0140 0140 0140 0140 0140 0140 0140 0140 0140 0140
0000 0000 0000 0000 0000 0000 0000 0000 0000 0000 0000 0000 0000 0000 1008 0000 0000 0000 0000 0000 0000 0000 0000 0000 0000 0000
0000 0000 0000 0000 0000 0000 0000 0000 0000 0000 0000 0000 0000 0000 0000 0000 0000 0000 0000 0000 0000 0000 0000 0000 0000 0000
0000 0000 0000 0000 0000 0000 0000 0000 0000 0000 0000 0000 0000 0000 0000 0000 0000 0000 0000 0000 0000 0000 0000 0000 0000 0000
0000 0000 0000 0000 0000 0000 0000 0000 0000 0000 0000 0000 0000 0000 0000 0000 0000 0000 0000 0000 0000 0000 0000 0000 0000 0000
0000 0000 0000 0000 0000 0000 0000 0000 0000 0000 0000 0000 0000 0000 0000 0000 0000 0000 0000 0000 0000 0000 0000 0000 0000 0000
0000 0000 0000 0000 0000 0000 0000 0000 0000 0000 0000 0000 0000 0000 0000 0000 0000 0000 0000 0000 0000 0000 0000 0000 0000 0000
0141 0141 0000 0000 0000 0000 0000 0141 0141 0000 1004 0000 0000 0000 1004 0000 0000 0000 1004 0000 0141 0141 0141 0141 0141 0141
0000 0000 0000 0000 0000 0000 0141 0140 0140 0141 0141 0141 0141 0141 0141 0141 0141 0141 0141 0141 0140 0140 0140 0140 0140 0140
0000 0000 0000 0000 0000 0000 0000 0000 0000 0000 0000 0000 0000 0000 0000 0000 0000 0000 0000 0000 0000 0000 0000 0140 0140 0140
0000 0000 0000 0000 0000 0000 0000 0000 0000 0000 0000 0000 0000 0000 0000 0000 0000 0000 0000 0000 0000 0000 0000 0140 0140 0140
0000 0000 0000 0000 0000 0000 0000 0000 0000 0000 0000 0000 0000 0000 0000 0000 0000 0000 0000 0000 0000 0000 0000 0140 0140 0140
0000 0000 0000 0000 0000 0000 0000 0000 0000 0000 0000 0000 0000 0000 0000 0000 0000 0000 0000 0000 0000 0000 0000 0140 0140 0140
0141 0141 0141 0141 0141 0141 0141 0141 0141 0141 0141 0141 0141 0141 0141 0141 0141 0141 0141 0141 0141 0141 0141 0140 0140 0140
0140 0140 0140 0140 0140 0140 0140 0140 0140 0140 0140 0140 0140 0140 0140 0140 0140 0140 0140 0140 0140 0140 0140 0140 0140 0140

0140 0140 0140 0140 0140 0140 0140 0140 0140 0140 0140 0140 0140 0140 0140 0140 0140 0140 0140 0140 0140 0140 0140 0140 0140 0140
0140 0140 0140 0140 0140 0140 0140 0140 0140 0140 0140 0140 0140 0140 0140 0140 0140 0140 0140 0140 0140 0140 0140 0140 0140 0140
0140 0140 0140 0140 0140 0140 0140 0140 0140 0140 0140 0140 0140 0140 0140 0140 0140 0140 0140 0140 0140 0140 0140 0140 0140 0140
0000 0000 0000 0000 0000 0000 0000 0000 0000 0000 0000 0000 0000 0000 0000 0000 0000 0000 0000 0000 0000 0000 0000 0000 0000 0000
0000 0000 0000 0000 0000 0000 0000 0000 0000 0000 0000 0000 0000 0000 0000 0000 0000 0000 0000 0000 0000 0000 0000 0000 0000 0000
0000 0000 0000 0000 0000 0000 0000 0000 0000 0000 0000 0000 0000 0000 0000 0000 0000 0000 0000 0000 0000 0000 0000 0000 0000 0000
0000 0000 0000 0000 0000 0000 0000 0000 0000 0000 0000 0000 0000 0000 0000 0000 0000 0000 0000 0000 0000 0000 0000 0000 0000 0000
0000 0000 0000 0000 0000 0000 0000 0000 0000 0000 0000 0000 0000 0000 0000 0000 0000 0000 0000 0000 0000 0000 0000 0000 0000 0000
0000 0000 0000 0000 0000 0000 0000 0000 0000 0000 0000 0000 0000 0000 0000 0000 0000 0000 0000 0000 0000 0000 0000 0000 0000 0000
0000 0000 0000 0000 0000 0000 0000 0000 0000 0000 0000 0000 0000 0000 0000 0000 0000 0000 0000 0000 0000 0000 0000 0000 0000 0000
0141 0141 0000 0000 0000 0000 0000 0000 0000 0000 0000 0000 0000 0000 0000 0000 0000 0000 0000 0000 0000 0000 0000 0000 0000 0000
0140 0140 0141 0141 0000 0000 0000 0000 0000 0000 0000 0000 0000 0000 0000 0000 0000 0000 0000 0000 0000 0000 0000 0000 0000 0000
0140 0140 0140 0140 0141 0141 0000 0000 0000 0000 0000 0000 0000 0000 0000 0000 0000 0000 0000 0000 0000 0000 0000 0000 0000 0000
0140 0140 0140 0140 0140 0140 0141 0141 0000 0000 0000 0000 0000 0000 0000 0000 0000 0000 0000 0000 0000 0000 0000 0000 0000 0000
0140 0140 0140 0140 0140 0140 0140 0140 0141 0141 0000 0000 0000 0000 0000 0000 0000 0000 0000 0000 0000 0000 0000 0000 0000 0000
0140 0140 0140 0140 0140 0140 0140 0140 0140 0140 0141 0141 0141 0141 0141 0141 0141 0141 0000 0000 0000 0000 0000 0141 0141 0141
0140 0140 0140 0140 0140 0140 0140 0140 0140 0140 0140 0140 0140 0140 0140 0140 0140 0140 0000 0000 0000 0000 0000 0140 0140 0140

0140 0140 0140 0140 0140 0140 0140 0140 0140 0140 0140 0140 0140 0140 0140 0140 0140 0140 0140 0140 0140 0140 0140 0140 0140 0140
0140 0140 0140 0140 0140 0140 0140 0140 0140 0140 0140 0140 0140 0140 0140 0140 0140 0140 0140 0140 0140 0140 0140 0140 0140 0140
0140 0140 0140 0140 0140 0140 0140 0140 0140 0140 0140 0140 0140 0140 0140 0140 0140 0140 0140 0140 0140 0140 0140 0140 0140 0140
0000 0000 0000 0000 0000 0000 0000 0000 0000 0000 0000 0000 0000 0000 0000 0000 0000 0000 0000 0000 0000 0000 0000 0000 0000 0000
0000 0000 0000 0001 1001 0000 0000 0000 0000 0000 0000 0000 0000 0001 0000 0000 0000 0000 0000 0000 0000 1001 0001 0000 0000 0000
0000 0000 0000 0000 0000 0000 0000 0000 0000 0000 0000 0000 0000 0000 0000 0000 0000 0000 0000 0000 0000 0000 0000 0000 0000 0000
0000 0000 0000 0000 0000 0000 0000 0000 0000 0000 0000 0000 0000 0000 0000 0000 0000 0000 0000 0000 0000 0000 0000 0000 0000 0000
0000 0000 0000 0000 0000 0000 0000 0000 0000 0000 0000 0000 0000 0000 0000 0000 0000 0000 0000 0000 0000 0000 0000 0000 0000 0000
0000 0000 0000 0000 0000 0000 0000 0000 0000 0000 0000 0000 0000 0000 0000 0000 0000 0000 0000 0000 0000 0000 0000 0000 0000 0000
0000 0000 0000 0000 0000 0000 0000 0000 0000 0000 0000 0000 0000 0000 0000 0000 0000 0000 0000 0000 0000 0000 0000 0000 0000 0000
0000 0000 0000 0000 0000 0000 0000 0000 0000 0000 0000 0000 0000 0000 0000 0000 0000 0000 0000 0000 0000 0000 0000 0000 0000 0000
0000 0000 0000 0000 0000 0000 0000 0000 0000 0000 0000 0000 0000 0000 0000 0000 0000 0000 0000 0000 0000 0000 0000 0000 0000 0000
0000 0000 0000 0000 0000 0000 0000 0000 0000 0000 0000 0000 0000 0000 0000 0000 0000 0000 0000 0000 0000 0000 0000 0000 0000 0000
0000 0000 0000 0000 0000 0000 0000 0000 0000 0000 0000 0000 0000 0000 0000 0000 0000 0000 0000 0000 0000 0000 0000 0000 0000 0000
0000 0000 0000 0000 0000 0000 0000 0000 0000 0000 0000 0000 0000 0000 0000 0000 0000 0000 0000 0000 0000 0000 0000 0000 0000 0120
0141 0141 0141 0141 0141 0141 0141 0141 0141 0141 0141 0141 0141 0141 0141 0141 0141 0141 0141 0141 0141 0141 0141 0141 0141 0141
0140 0140 0140 0140 0140 0140 0140 0140 0140 0140 0140 0140 0140 0140 0140 0140 0140 0140 0140 0140 0140 0140 0140 0140 0140 0140

0140 0140 0140 0140 0140 0140 0140 0140 0140 0140 0140 0140 0140 0140 0140 0140 0140 0140 0140 0140 0140 0140 0140 0140 0140 0140
0140 0140 0140 0140 0140 0140 0140 0140 0140 0140 0140 0140 0140 0140 0140 0140 0140 0140 0140 0140 0140 0140 0140 0140 0140 0140
0140 0140 0140 0140 0140 0140 0140 0140 0140 0140 0140 0140 0140 0140 0140 0140 0140 0140 0140 0140 0140 0140 0140 0140 0140 0140
0000 0000 0000 0000 0000 0000 0000 0000 0000 0000 0000 0000 0000 0000 0000 0000 0000 0000 0000 0140 0140 0140 0140 0140 0140 0140
0000 0000 0000 0000 0000 0000 0000 0000 0000 0000 0000 0000 0000 0000 0000 0000 0000 0000 0000 0000 0000 0000 0000 0000 0000 0000
0000 0000 0000 0000 0000 0000 0000 0000 0000 0000 0000 0000 0000 0000 0000 0000 0000 0000 0000 0000 0000 0000 0000 0000 0000 0000
0000 0000 0000 0000 0000 0000 0000 0000 0000 0000 0000 0000 0000 0000 0000 0000 0000 0000 0000 0000 0000 0000 0000 0000 0000 0000
0000 0000 0000 0000 0000 0000 0000 0000 0000 0000 0000 0000 0000 0000 0000 0000 0000 0000 0000 0000 0000 0000 0000 0000 0000 0000
0000 0000 0000 0000 0000 0000 0000 0000 0000 0000 0000 0000 0000 0000 0000 0000 0000 0000 0000 0000 0000 0000 0000 0000 0000 0000
0000 0000 0000 0000 0000 0000 0000 0000 0000 0000 0000 0000 0000 0000 0000 0000 0000 0000 0000 0000 0000 0000 0000 0000 0000 0000
0000 0000 0000 0000 0000 0000 0000 0000 0000 0000 0000 0000 0000 0000 0000 0000 0000 0000 0000 0000 0000 0000 0000 0000 0000 0000
0000 0000 0000 0000 0000 0000 0000 0000 0000 0000 0000 0000 0000 0000 0000 0000 0000 0000 0000 0000 0000 0000 0000 0000 0000 0000
0000 0000 0000 0000 0000 0000 0000 0000 0000 0000 0000 0000 0000 0000 0000 0000 0000 0000 0000 0000 0000 0000 0000 0000 0000 0000
0000 0120 0120 0000 0000 0000 0000 0120 0120 0000 0000 0000 0000 0000 0000 0000 0120 0120 0000 0000 0000 0000 0120 0120 0000 0000
0120 0120 0120 0000 0000 0000 0000 0120 0120 0120 0120 0000 0000 0000 0001 0120 0120 0120 0000 0000 0000 0000 0120 0120 0120 0120
0141 0141 0141 0000 0000 0000 0000 0141 0141 0141 0141 0141 0141 0141 0141 0141 0141 0141 0001 0001 0001 0001 0141 0141 0141 0141
0140 0140 0140 0000 0000 0000 0000 0140 0140 0140 0140 0140 0140 0140 0140 0140 0140 0140 0002 0002 0002 0002 0140 0140 0140 0140

0140 0140 0140 0140 0140 0140 0140 0140 0140 0140 0140 0140 0140 0140 0140 0140 0140 0140 0140 0140 0140 0140 0140 0140 0140 0140
0140 0140 0140 0140 0140 0140 0140 0140 0140 0140 0140 0140 0140 0140 0140 0140 0140 0140 0140 0140 0140 0140 0140 0140 0140 0140
0140 0140 0140 0140 0140 0140 0140 0140 0140 0140 0140 0140 0140 0140 0140 0140 0140 0140 0140 0140 0140 0140 0140 0140 0140 0140
0140 0140 0140 0140 0140 0140 0140 0140 0140 0140 0140 0140 0140 0140 0140 0140 0140 0140 0140 0140 0140 0140 0140 0140 0140 0140
0000 0000 0000 0000 0000 0000 0000 0000 0000 0000 0000 0000 0000 0140 0140 0140 0140 0140 0140 0140 0140 0140 0140 0140 0140 0140
0000 0000 0000 0000 0000 0000 0000 0000 0000 0000 0000 0000 0000 0000 0000 0000 0000 0000 0000 0000 0000 0000 0000 0000 0000 0000
0000 0000 0000 0000 0000 0000 0000 0000 0000 0000 0000 0000 0000 0000 0000 0000 0000 0000 0000 0000 0000 0000 0000 0000 0000 0000
0000 0000 0000 0000 0000 0000 0000 0000 0000 0000 0000 0000 0000 0000 0000 0000 0000 0000 0000 0000 0000 0000 0000 0000 0000 0000
0000 0000 0000 0000 0000 0000 0000 0000 0000 0000 0000 0000 0000 0000 0000 0000 0000 0000 0000 0000 0000 0000 0000 0000 0000 0000
0000 0000 0000 0000 0000 0000 0000 0000 0000 0000 0000 0000 0000 0000 0000 0000 0000 0000 0000 0000 0000 0000 0000 0000 0000 0000
0000 0000 0000 0000 0000 0000 0000 0000 0000 0000 0000 0000 0000 0000 0000 0000 0000 0000 1005 0000 0000 0000 0000 0000 0000 0000
0000 0000 0000 0000 0000 0000 0000 0000 0000 0000 0000 0000 0000 0000 0000 0000 0000 0000 0000 0000 0000 0000 0000 0000 0000 0000
0000 0000 0000 0000 0000 0000 0000 0000 0000 0000 0000 0000 0000 0000 0000 0000 0000 0000 0141 0141 0000 0000 0000 0000 0000 0000
0000 0000 0000 0000 0000 0000 0000 0000 0000 0000 0120 0120 0120 0120 0000 0000 0000 0000 0140 0140 0000 0000 0000 0000 0000 0000
0000 0000 0000 0000 0000 0000 0000 0000 0120 0120 0120 0120 0120 0120 0000 0000 0000 0000 0140 0140 0000 0000 0000 0000 0000 0000
0141 0141 0141 0141 0141 0141 0141 0141 0141 0141 0141 0141 0141 0141 0000 0000 0000 0000 0140 0140 0141 0141 0141 0141 0141 0141
0140 0140 0140 0140 0140 0140 0140 0140 0140 0140 0140 0140 0140 0140 0000 0000 0000 0000 0140 0140 0140 0140 0140 0140 0140 0140

0140 0140 0140 0140 0140 0140 0140 0140 0140 0140 0140 0140 0140 0140 0140 0140 0140 0140 0140 0140 0140 0140 0140 0140 0140 0140
0140 0140 0140 0140 0140 0140 0140 0140 0140 0140 0140 0140 0140 0140 0140 0140 0140 0140 0140 0140 0140 0140 0140 0140 0140 0140
0140 0140 0140 0140 0140 0140 0140 0140 0140 0140 0140 0140 0140 0140 0140 0140 0140 0140 0140 0140 0140 0140 0140 0140 0140 0140
0140 0140 0140 0140 0140 0140 0140 0140 0140 0140 0140 0140 0140 0140 0140 0140 0140 0140 0140 0140 0140 0140 0140 0140 0140 0140
0140 0140 0140 0140 0140 0140 0140 0140 0140 0140 0140 0140 0140 0140 0140 0140 0140 0140 0140 0140 0140 0140 0140 0140 0140 0140
0000 0000 0000 0000 0000 0000 0000 0000 0000 0000 0000 0140 0140 0140 0140 0140 0140 0140 0140 0140 0140 0140 0140 0140 0140 0140
0000 0000 0000 0000 0000 0000 0000 0000 0000 0000 0000 0000 0000 0000 0000 0000 0000 1005 0000 0000 0000 0000 0000 0000 0000 0000
0000 0000 0000 0000 0000 0000 0000 0000 0000 0000 0000 0000 0000 0000 0000 0000 0000 0000 0000 0000 0000 0000 0000 0000 0000 0000
0000 0000 0000 0000 0000 0000 0000 0000 0000 0000 0000 0000 0000 0000 0000 0000 0000 0000 0000 0000 0000 0000 0000 0000 0000 0000
0000 0000 0000 0000 0000 0000 0000 0000 0000 0000 0000 0000 0000 0000 0000 0000 0000 0000 0000 0000 0000 0000 0000 0000 0000 0000
0000 0000 0000 0000 0000 0000 0000 0000 0000 0000 0000 0000 0000 0000 0000 0000 0000 0000 0000 0000 0000 0000 0000 0000 0000 0000
0000 0000 0000 0000 0000 0000 0000 0000 0000 0000 0000 0000 0000 0000 0000 0000 0000 0000 0000 0000 0000 0000 0000 0000 0000 0000
0000 0000 0000 0000 0000 0000 0000 0000 0000 0000 0000 0000 0000 0000 0000 0000 0000 0000 0000 0000 0000 0000 0000 0000 0000 0000
0000 0000 0000 0000 0000 0000 0000 0000 0000 0000 0000 0000 0000 0000 0000 0000 0000 0001 0000 0000 0000 0000 0000 0000 0000 0000
0000 0000 0000 0000 0000 0000 0000 0000 0000 0000 0000 0000 0000 0000 0000 0000 0000 0000 0000 0000 0000 0000 0000 0000 0000 0000
0141 0141 0141 0000 0000 0000 0000 0141 0141 0000 0000 0000 0000 0141 0141 0000 0000 0141 0141 0141 0141 0141 0141 0141 0141 0141
0140 0140 0140 0000 0000 0000 0000 0140 0140 0000 0000 0000 0000 0140 0140 0000 0000 0140 0140 0140 0140 0140 0140 0140 0140 0140

0140 0140 0140 0140 0140 0140 0140 0140 0140 0140 0140 0140 0140 0140 0140 0140 0140 0140 0140 0140 0140 0140 0140 0140 0140 0140
0140 0140 0140 0140 0140 0140 0140 0140 0140 0140 0140 0140 0140 0140 0140 0140 0140 0140 0140 0140 0140 0140 0140 0140 0140 0140
0140 0140 0140 0140 0140 0140 0140 0140 0140 0140 0140 0140 0140 0140 0140 0140 0140 0140 0140 0140 0140 0140 0140 0140 0140 0140
0140 0140 0140 0140 0140 0140 0140 0140 0140 0140 0140 0140 0140 0140 0140 0140 0140 0140 0140 0140 0140 0140 0140 0140 0140 0140
0140 0140 0140 0140 0140 0140 0140 0140 0140 0140 0140 0140 0140 0140 0140 0140 0140 0140 0140 0140 0140 0140 0140 0140 0140 0140
0140 0140 0140 0140 0140 0140 0140 0140 0140 0140 0140 0140 0140 0140 0140 0140 0140 0140 0140 0140 0140 0140 0140 0140 0140 0140
0000 0000 0000 0000 0000 0000 0000 0000 0140 0140 0140 0140 0140 0140 0140 0140 0140 0140 0140 0140 0140 0140 0140 0140 0140 0140
0000 0000 0000 0000 0000 0000 0000 0000 0000 0000 0000 0000 0000 0000 0000 0000 0000 0000 0000 0000 0000 0140 0140 0140 0140 0140
0000 0000 0000 0000 0000 0000 0000 0000 0000 0000 0000 0000 0000 0000 0000 0000 0000 0000 0000 0000 0000 0000 0000 0000 0000 0000
0000 0000 0000 0000 0000 0000 0000 0000 0000 0000 0000 0000 0000 0000 0000 0000 0000 0000 0000 0000 0000 0000 0000 0000 0000 0000
0000 0000 0000 0000 0000 0000 0000 0000 0000 0000 0000 0000 0000 0000 0000 1002 0000 0000 0000 0000 0000 0000 0000 0000 0000 0000
0000 0000 0000 0000 0000 0000 0000 0000 0000 0000 0000 0000 0000 0000 0000 0000 0000 0000 0000 0000 0000 0000 0000 0000 0000 0000
0000 0000 0000 0000 0000 0000 0000 0000 0000 0000 0000 0000 0000 0000 0000 0000 0000 0000 0000 0000 0000 0000 0000 0000 0000 0000
0000 0000 0000 0000 0000 0000 0000 0000 0000 0000 0000 0000 0000 0000 0000 0000 0000 0000 0000 0000 0000 0000 0000 0000 0000 0000
0000 0000 0000 0000 0000 0000 0000 0000 0000 0000 0000 0000 0000 0000 0000 0000 0000 0000 0000 0000 0000 0000 0000 0000 0000 0000
0141 0141 0141 0141 0141 0141 0141 0141 0141 0141 0141 0141 0141 0141 0141 0141 0141 0141 0141 0141 0141 0141 0141 0141 0141 0141
0140 0140 0140 0140 0140 0140 0140 0140 0140 0140 0140 0140 0140 0140 0140 0140 0140 0140 0140 0140 0140 0140 0140 0140 0140 0140

0140 0140 0140 0140 0140 0140 0140 0140 0140 0140 0140 0140 0140 0140 0140 0140 0140 0140 0140 0140 0140 0140 0140 0140 0140 0140
0140 0140 0140 0140 0140 0140 0140 0140 0140 0140 0140 0140 0140 0140 0140 0140 0140 0140 0140 0140 0140 0140 0140 0140 0140 0140
0140 0140 0140 0140 0140 0140 0140 0140 0140 0140 0140 0140 0140 0140 0140 0140 0140 0140 0140 0140 0140 0140 0140 0140 0140 0140
0140 0140 0140 0140 0140 0140 0140 0140 0140 0140 0140 0140 0140 0140 0140 0140 0140 0140 0140 0140 0140 0140 0140 0140 0140 0140
0140 0140 0140 0140 0140 0140 0140 0140 0140 0140 0140 0140 0140 0140 0140 0140 0140 0140 0140 0140 0140 0140 0140 0140 0140 0140
0140 0140 0140 0140 0140 0140 0140 0140 0140 0140 0140 0140 0140 0140 0140 0140 0140 0140 0140 0140 0140 0140 0140 0140 0140 0140
0140 0140 0140 0140 0140 0140 0140 0140 0140 0140 0140 0140 0140 0140 0140 0140 0140 0140 0140 0140 0140 0140 0140 0140 0140 0140
0140 0000 0000 0000 0000 0000 0000 0000 0000 0140 0140 0140 0140 0140 0140 0140 0140 0140 0140 0140 0140 0140 0140 0140 0140 0140
0000 0000 0000 0000 0000 0000 0000 0000 0000 0000 0140 0140 0140 0140 0140 0140 0140 0140 0140 0140 0140 0140 0140 0140 0140 0140
0000 0000 0000 0000 0000 0000 0000 0000 0000 0000 0000 0000 0000 0000 0000 0000 0000 0000 0140 0140 0140 0140 0140 0140 0140 0140
0000 0000 0000 0000 0000 0000 0000 0000 0000 0000 0000 0000 0000 0000 0000 0000 0000 0000 0000 0000 0000 0000 0000 0000 0000 0000
0000 0000 0000 0000 0000 0000 0000 0000 0000 0000 0000 0000 0000 0000 0000 0000 0000 0000 0000 0000 0000 0000 0000 0000 0000 0000
0000 0000 0000 0000 0000 0000 0000 0000 0000 0000 0000 0000 0000 0000 0000 0000 0000 0000 0000 0000 0000 0000 0000 0000 0000 0000
0000 0000 0000 0000 0000 0000 0000 0000 0000 0000 0000 0000 0000 0000 0000 0000 0000 0000 0000 0000 0000 0000 0000 0000 0000 0000
0000 0000 0000 0000 0000 0000 0000 0000 0000 0000 0000 0000 0000 0000 0000 0000 0000 0000 0000 0000 0000 0000 0000 0000 0000 0000
0141 0141 0141 0000 0000 0000 0000 0141 0141 0141 0141 0141 0141 0141 0141 0141 0141 0141 0141 0141 0141 0141 0141 0141 0141 0141
0140 0140 0140 0000 0000 0000 0000 0140 0140 0140 0140 0140 0140 0140 0140 0140 0140 0140 0140 0140 0140 0140 0140 0140 0140 0140

0140 0140 0140 0140 0140 0140 0140 0140 0140 0140 0140 0140 0140 0140 0140 0140 0140 0140 0140 0140 0140 0140 0140 0140 0140 0140
0140 0140 0140 0140 0140 0140 0140 0140 0140 0140 0140 0140 0140 0140 0140 0140 0140 0140 0140 0140 0140 0140 0140 0140 0140 0140
0140 0140 0140 0140 0140 0140 0140 0140 0140 0140 0140 0140 0140 0140 0140 0140 0140 0140 0140 0140 0140 0140 0140 0140 0140 0140
0140 0140 0140 0140 0140 0140 0140 0140 0140 0140 0140 0140 0140 0140 0140 0140 0140 0140 0140 0140 0140 0140 0140 0140 0140 0140
0140 0140 0140 0140 0140 0140 0140 0140 0140 0140 0140 0140 0140 0140 0140 0140 0140 0140 0140 0140 0140 0140 0140 0140 0140 0140
0140 0140 0140 0140 0140 0140 0140 0140 0140 0140 0140 0140 0140 0140 0140 0140 0140 0140 0140 0140 0140 0140 0140 0140 0140 0140
0140 0140 0140 0140 0140 0140 0140 0140 0140 0140 0140 0140 0140 0140 0140 0140 0140 0140 0140 0140 0140 0140 0140 0140 0140 0140
0140 0140 0140 0140 0140 0140 0140 0140 0140 0140 0140 0140 0140 0140 0140 0140 0140 0140 0140 0140 0140 0140 0140 0140 0140 0140
0140 0140 0140 0140 0140 0140 0140 0140 0140 0140 0140 0140 0140 0140 0140 0140 0140 0140 0140 0140 0140 0140 0140 0140 0140 0140
0140 0140 0140 0140 0140 0140 0140 0140 0140 0140 0140 0140 0140 0140 0140 0140 0140 0140 0140 0140 0140 0140 0140 0140 0140 0140
0000 0000 0000 0000 0000 0000 0140 0140 0140 0140 0140 0140 0140 0140 0140 0140 0140 0140 0140 0140 0140 0140 0140 0140 0140 0140
0000 0000 0000 0000 0000 0000 0000 0000 0000 0000 0000 0000 0000 0000 0000 0000 0000 0000 0000 0000 0000 0000 0000 0000 0000 0000
0000 0000 0000 0000 0000 0000 0000 0000 0000 0000 0000 0000 0000 0000 0000 0000 0000 0000 0000 0000 0000 0000 0000 0000 0000 0000
0000 0000 0000 0000 0000 0000 0000 0000 0000 0000 0000 0000 0000 0000 0000 0000 0000 0000 0000 0000 0000 0000 0000 0000 0000 0000
0000 0000 0000 0000 0000 0000 0000 0000 0000 0000 0000 0000 0000 0000 0000 0000 0000 0000 0000 0000 0000 0000 0000 0000 0000 0000
0141 0141 0141 0141 0141 0141 0141 0141 0141 0141 0141 0141 0141 0141 0141 0141 0141 0141 0141 0141 0141 0141 0141 0141 0141 0141
0140 0140 0140 0140 0140 0140 0140 0140 0140 0140 0140 0140 0140 0140 0140 0140 0140 0140 0140 0140 0140 0140 0140 0140 0140 0140

0140 0140 0140 0140 0140 0140 0140 0140 0140 0140 0140 0140 0140 0140 0140 0140 0140 0140 0140 0140 0140 0140 0140 0140 0140 0140
0140 0140 0140 0140 0140 0140 0140 0140 0140 0140 0140 0140 0140 0140 0140 0140 0140 0140 0140 0140 0140 0140 0140 0140 0140 0140
0140 0140 0140 0140 0140 0140 0140 0140 0140 0140 0140 0140 0140 0140 0140 0140 0140 0140 0140 0140 0140 0140 0140 0140 0140 0140
0140 0140 0140 0140 0140 0140 0140 0140 0140 0140 0140 0140 0140 0140 0140 0140 0140 0140 0140 0140 0140 0140 0140 0140 0140 0140
0140 0140 0140 0140 0140 0140 0140 0140 0140 0140 0140 0140 0140 0140 0140 0140 0140 0140 0140 0140 0140 0140 0140 0140 0140 0140
0140 0140 0140 0140 0140 0140 0140 0140 0140 0140 0140 0140 0140 0140 0140 0140 0140 0140 0140 0140 0140 0140 0140 0140 0140 0140
0140 0140 0140 0140 0140 0140 0140 0140 0140 0140 0140 0140 0140 0140 0140 0140 0140 0140 0140 0140 0140 0140 0140 0140 0140 0140
0140 0140 0140 0140 0140 0140 0140 0140 0140 0140 0140 0140 0140 0140 0140 0140 0140 0140 0140 0140 0140 0140 0140 0140 0140 0140
0140 0140 0140 0140 0140 0140 0140 0140 0140 0140 0140 0140 0140 0140 0140 0140 0140 0140 0140 0140 0140 0140 0140 0140 0140 0140
0140 0140 0140 0140 0140 0140 0140 0140 0140 0140 0140 0140 0140 0140 0140 0140 0140 0140 0140 0140 0140 0140 0140 0140 0140 0140
0140 0140 0140 0140 0140 0140 0140 0140 0140 0140 0140 0140 0140 0140 0140 0140 0140 0140 0140 0140 0140 0140 0140 0140 0140 0140
0000 0000 0000 0000 0000 0000 0000 0000 0000 0000 0000 0000 1003 0000 0000 0000 0000 0000 0000 0000 0000 0000 0000 0000 0000 0000
0000 0000 0000 0000 0000 0000 0000 0000 0000 0000 0000 0000 0000 0000 0000 0000 0000 0000 0000 0000 0000 0000 0000 0000 0000 0000
0000 0000 0000 0000 0000 0000 0000 0000 0000 0000 0000 0000 0000 0000 0000 0000 0000 0000 0000 0000 0000 0000 0000 0000 0000 0000
0000 0000 0000 0000 0000 0000 0000 0000 0000 0000 0000 0000 0000 0000 0000 0000 0000 0000 0000 0000 0000 0000 0000 0000 0000 0000
0141 0141 0141 0141 0141 0141 0141 0141 0141 0141 0141 0141 0141 0141 0141 0141 0141 0141 0141 0141 0141 0141 0141 0141 0141 0141
0140 0140 0140 0140 0140 0140 0140 0140 0140 0140 0140 0140 0140 0140 0140 0140 0140 0140 0140 0140 0140 0140 0140 0140 0140 0140

0140 0140 0140 0140 0140 0140 0140 0140 0140 0140 0140 0140 0140 0140 0140 0140 0140 0140 0140 0140 0140 0140 0140 0140 0140 0140
0140 0140 0140 0140 0140 0140 0140 0140 0140 0140 0140 0140 0140 0140 0140 0140 0140 0140 0140 0140 0140 0140 0140 0140 0140 0140
0140 0140 0140 0140 0140 0140 0140 0140 0140 0140 0140 0140 0140 0140 0000 0000 0000 0000 0000 0000 0000 0140 0140 0140 0140 0140
0140 0140 0140 0140 0140 0140 0140 0140 0140 0140 0140 0140 0140 0000 0000 0000 0000 0000 0000 0000 0000 0001 2001 0000 0000 0000
0140 0140 0140 0140 0140 0140 0140 0140 0140 0140 0140 0140 0000 0000 0000 0000 0000 0000 0000 0000 0000 0000 0000 0000 0000 0000
0140 0140 0140 0140 0140 0140 0140 0140 0140 0140 0140 0140 0000 0000 0000 0000 0000 0000 0000 0000 0000 0000 0000 0000 0000 0000
0140 0140 0140 0140 0140 0140 0140 0140 0140 0140 0140 0000 0000 0000 0000 0000 0000 0000 0000 0000 0000 0000 0000 0000 0000 0000
0140 0140 0140 0140 0140 0140 0140 0140 0140 0140 0140 0000 0000 0000 0000 0000 0000 0000 0000 0000 0000 0000 0000 0000 0000 0000
0140 0140 0140 0140 0140 0140 0140 0140 0140 0140 0140 0000 0000 0000 0000 0000 0000 0000 0000 0000 0000 0000 0000 0000 0000 0000
0140 0140 0140 0140 0140 0140 0140 0140 0140 0140 0000 0000 0000 0000 0000 0000 0000 0000 0000 0000 0000 0000 0000 0000 0000 0000
0140 0140 0140 0140 0140 0140 0140 0140 0000 0000 0000 0000 0000 0000 0000 0000 0000 0000 0000 0000 0000 0000 0000 0000 0000 0000
0000 0000 0000 0000 0000 0000 0000 0000 0000 0000 0000 0000 0000 0000 0000 0000 0000 0000 0000 0000 0000 0000 0000 0000 0000 0000
0000 0000 0000 0000 0000 0000 0000 0000 0000 0000 0000 0000 0000 0000 0000 0000 0000 0000 0000 0000 0141 0141 0141 0141 0141 0141
0000 0000 0000 0000 0000 0000 0000 0000 0000 0000 0000 0000 0000 0000 0000 0000 0000 0000 0141 0141 0140 0140 0140 0140 0140 0140
0000 0000 0000 0000 0000 0000 0000 0000 0000 0000 0000 0000 0000 0000 0000 0000 0141 0141 0140 0140 0140 0140 0140 0140 0140 0140
0141 0141 0141 0141 0141 0141 0141 0141 0141 0141 0141 0141 0141 0141 0141 0141 0140 0140 0140 0140 0140 0140 0140 0140 0140 0140
0140 0140 0140 0140 0140 0140 0140 0140 0140 0140 0140 0140 0140 0140 0140 0140 0140 0140 0140 0140 0140 0140 0140 0140 0140 0140